0 1.000000 0.000000
1 0.999848 0.017444
2 0.999391 0.034882
3 0.998631 0.052309
4 0.997567 0.069721
5 0.996199 0.087112
6 0.994527 0.104476
7 0.992554 0.121808
8 0.990278 0.139103
9 0.987701 0.156356
10 0.984823 0.173561
11 0.981646 0.190713
12 0.978170 0.207808
13 0.974396 0.224839
14 0.970326 0.241802
15 0.965960 0.258691
16 0.961301 0.275501
17 0.956349 0.292228
18 0.951106 0.308866
19 0.945573 0.325409
20 0.939753 0.341854
21 0.933647 0.358194
22 0.927257 0.374426
23 0.920584 0.390544
24 0.913632 0.406543
25 0.906401 0.422418
26 0.898895 0.438164
27 0.891115 0.453778
28 0.883064 0.469253
29 0.874744 0.484585
30 0.866158 0.499770
31 0.857309 0.514803
32 0.848198 0.529679
33 0.838830 0.544394
34 0.829206 0.558943
35 0.819330 0.573323
36 0.809204 0.587528
37 0.798832 0.601554
38 0.788218 0.615396
39 0.777363 0.629052
40 0.766272 0.642516
41 0.754948 0.655785
42 0.743393 0.668854
43 0.731613 0.681720
44 0.719610 0.694378
45 0.707388 0.706825
46 0.694951 0.719057
47 0.682302 0.731070
48 0.669446 0.742861
49 0.656386 0.754425
50 0.643126 0.765760
51 0.629671 0.776862
52 0.616024 0.787727
53 0.602189 0.798353
54 0.588172 0.808736
55 0.573975 0.818873
56 0.559604 0.828760
57 0.545062 0.838396
58 0.530354 0.847776
59 0.515485 0.856898
60 0.500460 0.865760
61 0.485282 0.874358
62 0.469956 0.882690
63 0.454487 0.890753
64 0.438880 0.898546
65 0.423139 0.906065
66 0.407270 0.913308
67 0.391277 0.920273
68 0.375164 0.926958
69 0.358938 0.933361
70 0.342602 0.939481
71 0.326162 0.945314
72 0.309623 0.950859
73 0.292989 0.956116
74 0.276267 0.961081
75 0.259460 0.965754
76 0.242574 0.970133
77 0.225615 0.974217
78 0.208587 0.978004
79 0.191495 0.981494
80 0.174345 0.984685
81 0.157142 0.987576
82 0.139892 0.990167
83 0.122598 0.992456
84 0.105268 0.994444
85 0.087905 0.996129
86 0.070516 0.997511
87 0.053105 0.998589
88 0.035678 0.999363
89 0.018240 0.999834
90 0.000796 1.000000
91 -0.016647 0.999861
92 -0.034086 0.999419
93 -0.051514 0.998672
94 -0.068927 0.997622
95 -0.086318 0.996268
96 -0.103684 0.994610
97 -0.121017 0.992650
98 -0.138314 0.990388
99 -0.155569 0.987825
100 -0.172777 0.984961
101 -0.189932 0.981797
102 -0.207029 0.978335
103 -0.224063 0.974575
104 -0.241029 0.970518
105 -0.257922 0.966166
106 -0.274736 0.961520
107 -0.291466 0.956581
108 -0.308108 0.951351
109 -0.324656 0.945832
110 -0.341105 0.940025
111 -0.357451 0.933932
112 -0.373688 0.927555
113 -0.389811 0.920895
114 -0.405815 0.913955
115 -0.421696 0.906737
116 -0.437448 0.899244
117 -0.453068 0.891476
118 -0.468549 0.883437
119 -0.483888 0.875130
120 -0.499080 0.866556
121 -0.514120 0.857718
122 -0.529004 0.848620
123 -0.543726 0.839263
124 -0.558283 0.829651
125 -0.572670 0.819786
126 -0.586883 0.809672
127 -0.600917 0.799311
128 -0.614769 0.788708
129 -0.628433 0.777864
130 -0.641906 0.766783
131 -0.655184 0.755470
132 -0.668262 0.743926
133 -0.681137 0.732156
134 -0.693805 0.720163
135 -0.706262 0.707951
136 -0.718503 0.695523
137 -0.730526 0.682884
138 -0.742327 0.670038
139 -0.753902 0.656987
140 -0.765248 0.643736
141 -0.776360 0.630289
142 -0.787237 0.616651
143 -0.797873 0.602825
144 -0.808267 0.588816
145 -0.818415 0.574627
146 -0.828315 0.560263
147 -0.837961 0.545729
148 -0.847353 0.531029
149 -0.856488 0.516168
150 -0.865361 0.501149
151 -0.873971 0.485978
152 -0.882315 0.470659
153 -0.890391 0.455196
154 -0.898196 0.439595
155 -0.905727 0.423861
156 -0.912983 0.407997
157 -0.919961 0.392009
158 -0.926659 0.375902
159 -0.933075 0.359681
160 -0.939207 0.343350
161 -0.945054 0.326915
162 -0.950613 0.310380
163 -0.955882 0.293751
164 -0.960861 0.277032
165 -0.965547 0.260229
166 -0.969939 0.243347
167 -0.974037 0.226391
168 -0.977837 0.209365
169 -0.981341 0.192277
170 -0.984545 0.175129
171 -0.987451 0.157929
172 -0.990055 0.140680
173 -0.992358 0.123389
174 -0.994360 0.106059
175 -0.996059 0.088698
176 -0.997454 0.071310
177 -0.998546 0.053900
178 -0.999335 0.036473
179 -0.999819 0.019036
180 -0.999999 0.001593
181 -0.999874 -0.015851
182 -0.999446 -0.033290
183 -0.998713 -0.050719
184 -0.997676 -0.068132
185 -0.996336 -0.085525
186 -0.994693 -0.102892
187 -0.992746 -0.120227
188 -0.990498 -0.137526
189 -0.987949 -0.154783
190 -0.985098 -0.171992
191 -0.981948 -0.189150
192 -0.978499 -0.206250
193 -0.974753 -0.223287
194 -0.970710 -0.240256
195 -0.966371 -0.257152
196 -0.961738 -0.273970
197 -0.956813 -0.290704
198 -0.951596 -0.307350
199 -0.946090 -0.323903
200 -0.940296 -0.340357
201 -0.934216 -0.356707
202 -0.927852 -0.372949
203 -0.921205 -0.389077
204 -0.914278 -0.405087
205 -0.907073 -0.420974
206 -0.899592 -0.436732
207 -0.891837 -0.452358
208 -0.883810 -0.467846
209 -0.875515 -0.483191
210 -0.866953 -0.498390
211 -0.858127 -0.513437
212 -0.849041 -0.528328
213 -0.839696 -0.543057
214 -0.830095 -0.557622
215 -0.820242 -0.572017
216 -0.810139 -0.586238
217 -0.799790 -0.600281
218 -0.789197 -0.614140
219 -0.778364 -0.627813
220 -0.767294 -0.641295
221 -0.755991 -0.654582
222 -0.744458 -0.667670
223 -0.732698 -0.680554
224 -0.720715 -0.693231
225 -0.708513 -0.705698
226 -0.696095 -0.717949
227 -0.683466 -0.729982
228 -0.670628 -0.741793
229 -0.657587 -0.753379
230 -0.644345 -0.764735
231 -0.630907 -0.775858
232 -0.617278 -0.786745
233 -0.603460 -0.797393
234 -0.589459 -0.807798
235 -0.575278 -0.817958
236 -0.560923 -0.827868
237 -0.546397 -0.837527
238 -0.531704 -0.846930
239 -0.516850 -0.856076
240 -0.501838 -0.864962
241 -0.486674 -0.873584
242 -0.471361 -0.881940
243 -0.455905 -0.890028
244 -0.440311 -0.897846
245 -0.424582 -0.905390
246 -0.408724 -0.912658
247 -0.392742 -0.919649
248 -0.376640 -0.926360
249 -0.360424 -0.932789
250 -0.344098 -0.938934
251 -0.327667 -0.944793
252 -0.311137 -0.950365
253 -0.294512 -0.955648
254 -0.277797 -0.960640
255 -0.260998 -0.965339
256 -0.244119 -0.969745
257 -0.227166 -0.973856
258 -0.210144 -0.977670
259 -0.193058 -0.981187
260 -0.175913 -0.984406
261 -0.158715 -0.987324
262 -0.141468 -0.989943
263 -0.124179 -0.992260
264 -0.106851 -0.994275
265 -0.089491 -0.995988
266 -0.072104 -0.997397
267 -0.054695 -0.998503
268 -0.037269 -0.999305
269 -0.019832 -0.999803
270 -0.002389 -0.999997
271 0.015055 -0.999887
272 0.032494 -0.999472
273 0.049924 -0.998753
274 0.067338 -0.997730
275 0.084732 -0.996404
276 0.102099 -0.994774
277 0.119436 -0.992842
278 0.136737 -0.990607
279 0.153996 -0.988072
280 0.171208 -0.985235
281 0.188368 -0.982099
282 0.205470 -0.978663
283 0.222511 -0.974930
284 0.239483 -0.970901
285 0.256382 -0.966575
286 0.273204 -0.961956
287 0.289942 -0.957044
288 0.306592 -0.951841
289 0.323149 -0.946348
290 0.339608 -0.940567
291 0.355963 -0.934500
292 0.372210 -0.928149
293 0.388343 -0.921515
294 0.404359 -0.914600
295 0.420251 -0.907408
296 0.436016 -0.899939
297 0.451647 -0.892196
298 0.467142 -0.884182
299 0.482494 -0.875899
300 0.497699 -0.867350
301 0.512753 -0.858536
302 0.527651 -0.849461
303 0.542389 -0.840128
304 0.556961 -0.830539
305 0.571364 -0.820697
306 0.585593 -0.810605
307 0.599643 -0.800267
308 0.613512 -0.789686
309 0.627193 -0.778864
310 0.640684 -0.767805
311 0.653980 -0.756512
312 0.667077 -0.744989
313 0.679970 -0.733240
314 0.692657 -0.721267
315 0.705133 -0.709075
316 0.717395 -0.696667
317 0.729438 -0.684047
318 0.741259 -0.671219
319 0.752855 -0.658187
320 0.764221 -0.644954
321 0.775355 -0.631525
322 0.786253 -0.617904
323 0.796912 -0.604095
324 0.807329 -0.590102
325 0.817499 -0.575930
326 0.827421 -0.561582
327 0.837091 -0.547063
328 0.846507 -0.532378
329 0.855664 -0.517531
330 0.864562 -0.502527
331 0.873196 -0.487369
332 0.881565 -0.472063
333 0.889665 -0.456614
334 0.897495 -0.441025
335 0.905051 -0.425303
336 0.912332 -0.409451
337 0.919336 -0.393474
338 0.926059 -0.377378
339 0.932501 -0.361167
340 0.938659 -0.344846
341 0.944532 -0.328419
342 0.950117 -0.311894
343 0.955413 -0.295273
344 0.960418 -0.278562
345 0.965131 -0.261766
346 0.969551 -0.244891
347 0.973675 -0.227942
348 0.977503 -0.210923
349 0.981033 -0.193839
350 0.984265 -0.176697
351 0.987198 -0.159501
352 0.989830 -0.142257
353 0.992161 -0.124969
354 0.994190 -0.107643
355 0.995916 -0.090284
356 0.997339 -0.072898
357 0.998459 -0.055490
358 0.999275 -0.038065
359 0.999787 -0.020628
