1 3
1 4
1 5
1 6
1 7
1 8
1 9
1 10
1 11
1 12
1 13
1 14
1 15
1 16
1 17
1 18
1 19
1 20
1 21
1 22
1 23
1 26
1 27
1 28
1 29
1 30
1 33
1 34
1 35
1 36
1 37
1 38
1 39
1 40
1 45
1 46
1 47
1 48
1 49
1 50
1 51
1 52
1 53
1 54
1 55
1 56
1 230
1 231
1 232
1 233
1 234
1 235
1 236
1 237
1 238
1 239
1 240
1 241
1 246
1 247
1 248
1 249
1 250
1 251
1 252
1 253
1 256
1 257
1 258
1 259
1 260
1 263
1 264
1 265
1 266
1 267
1 268
2 2
2 24
2 25
2 31
2 32
2 41
2 42
2 43
2 44
2 57
2 58
2 59
2 60
2 61
2 62
2 63
2 64
2 65
2 66
2 67
2 68
2 69
2 70
2 71
2 72
2 73
2 74
2 75
2 76
2 77
2 78
2 79
2 80
2 81
2 82
2 83
2 84
2 85
2 86
2 87
2 88
2 89
2 90
2 91
2 92
2 93
2 94
2 95
2 96
2 97
2 98
2 99
2 100
2 101
2 102
2 103
2 104
2 105
2 106
2 107
2 108
2 109
2 110
2 111
2 112
2 113
2 114
2 115
2 116
2 117
2 118
2 119
2 120
2 121
2 122
2 123
2 124
2 125
2 126
2 127
2 128
2 129
2 130
2 131
2 132
2 133
2 134
2 135
2 136
2 137
2 138
2 139
2 140
2 141
2 142
2 143
2 144
2 145
2 146
2 147
2 148
2 149
2 150
2 151
2 152
2 153
2 154
2 155
2 156
2 157
2 158
2 159
2 160
2 161
2 162
2 163
2 164
2 165
2 166
2 167
2 168
2 169
2 170
2 171
2 172
2 173
2 174
2 175
2 176
2 177
2 178
2 179
2 180
2 181
2 182
2 183
2 184
2 185
2 186
2 187
2 188
2 189
2 190
2 191
2 192
2 193
2 194
2 195
2 196
2 197
2 198
2 199
2 200
2 201
2 202
2 203
2 204
2 205
2 206
2 207
2 208
2 209
2 210
2 211
2 212
2 213
2 214
2 215
2 216
2 217
2 218
2 219
2 220
2 221
2 222
2 223
2 224
2 225
2 226
2 227
2 228
2 229
2 242
2 243
2 244
2 245
2 254
2 255
2 261
2 262
3 1
4 1
5 1
6 1
7 1
8 1
9 1
10 1
11 1
12 1
13 1
14 2
15 2
16 1
17 1
18 1
19 1
20 1
21 1
22 1
23 2
24 2
25 2
26 1
27 1
28 1
29 1
30 1
31 1
32 1
33 1
34 1
35 1
36 1
37 1
38 2
39 2
40 2
41 2
42 2
43 2
44 2
45 1
46 1
47 1
48 1
49 1
50 1
51 1
52 1
53 1
54 1
55 1
56 1
57 1
58 1
59 1
60 1
61 1
62 1
63 1
64 1
65 1
65 200
65 201
65 202
65 203
65 204
65 205
65 206
66 1
66 196
66 197
66 198
66 199
66 207
66 208
66 209
66 210
67 1
67 194
67 195
67 196
67 210
67 211
67 212
68 1
68 193
68 194
68 212
68 213
68 214
69 1
69 192
69 193
69 214
69 215
70 1
70 191
70 192
70 215
70 216
70 217
71 1
71 190
71 191
71 217
71 218
72 1
72 189
72 190
72 218
72 219
73 1
73 25
73 26
73 27
73 188
73 189
73 219
73 220
74 1
74 24
74 25
74 27
74 28
74 187
74 188
74 220
74 221
75 1
75 24
75 28
75 29
75 187
75 221
75 222
76 1
76 24
76 29
76 186
76 222
76 223
77 1
77 24
77 29
77 30
77 185
77 186
77 223
77 224
78 1
78 24
78 30
78 31
78 185
78 224
78 225
79 1
79 24
79 31
79 32
79 184
79 185
79 225
79 226
80 1
80 24
80 32
80 183
80 184
80 226
81 1
81 23
81 33
81 183
81 226
81 227
82 1
82 23
82 33
82 182
82 183
82 227
82 228
83 1
83 23
83 33
83 182
83 228
84 1
84 23
84 34
84 182
84 228
84 229
85 1
85 23
85 34
85 181
85 229
86 1
86 23
86 34
86 181
86 229
86 230
87 1
87 23
87 35
87 180
87 181
87 230
88 1
88 23
88 35
88 180
88 230
88 231
89 1
89 22
89 35
89 180
89 231
90 1
90 22
90 36
90 179
90 180
90 231
91 1
91 22
91 36
91 179
91 231
91 232
92 1
92 22
92 36
92 37
92 179
92 232
93 1
93 22
93 37
93 178
93 232
94 1
94 22
94 37
94 178
94 233
95 1
95 22
95 38
95 178
95 233
96 1
96 22
96 38
96 177
96 234
97 1
97 22
97 38
97 39
97 177
97 234
98 1
98 22
98 39
98 177
98 234
99 1
99 22
99 39
99 40
99 177
99 234
100 1
100 22
100 40
100 177
100 235
101 1
101 22
101 40
101 41
101 177
101 235
102 1
102 22
102 41
102 176
102 235
103 1
103 22
103 41
103 42
103 176
103 235
104 1
104 21
104 42
104 176
104 235
105 1
105 21
105 42
105 43
105 176
105 236
106 1
106 21
106 43
106 44
106 176
106 236
107 1
107 21
107 44
107 176
107 236
108 1
108 21
108 44
108 45
108 175
108 236
109 1
109 21
109 45
109 46
109 175
109 236
110 1
110 21
110 46
110 47
110 175
110 236
111 1
111 21
111 47
111 175
111 237
112 1
112 21
112 47
112 48
112 175
112 236
112 237
112 238
113 1
113 21
113 48
113 49
113 174
113 238
113 239
113 240
114 1
114 21
114 49
114 50
114 174
114 240
115 1
115 21
115 50
115 51
115 174
115 240
115 241
116 1
116 21
116 51
116 52
116 174
116 241
117 1
117 21
117 52
117 53
117 173
117 174
117 241
118 1
118 21
118 53
118 54
118 55
118 173
118 241
119 1
119 21
119 55
119 56
119 172
119 173
119 241
120 1
120 21
120 56
120 57
120 58
120 172
120 242
121 1
121 21
121 59
121 60
121 61
121 72
121 73
121 74
121 105
121 106
121 107
121 108
121 109
121 110
121 111
121 112
121 113
121 171
121 172
121 242
122 1
122 21
122 62
122 63
122 64
122 65
122 66
122 67
122 68
122 69
122 70
122 71
122 75
122 76
122 103
122 104
122 105
122 114
122 115
122 161
122 162
122 163
122 164
122 165
122 166
122 167
122 168
122 169
122 170
122 171
122 242
123 1
123 21
123 76
123 77
123 78
123 102
123 103
123 115
123 116
123 117
123 157
123 158
123 159
123 160
123 242
124 1
124 21
124 79
124 80
124 81
124 99
124 100
124 101
124 117
124 118
124 155
124 156
124 157
124 243
125 1
125 21
125 82
125 83
125 84
125 85
125 95
125 96
125 97
125 98
125 118
125 119
125 154
125 155
125 243
126 1
126 21
126 86
126 87
126 88
126 89
126 90
126 91
126 92
126 93
126 94
126 119
126 120
126 154
126 243
127 1
127 21
127 120
127 121
127 147
127 153
127 154
127 243
128 1
128 21
128 121
128 122
128 145
128 146
128 147
128 152
128 153
128 243
129 1
129 21
129 122
129 135
129 136
129 137
129 144
129 145
129 147
129 148
129 149
129 150
129 151
129 152
129 243
130 1
130 21
130 122
130 123
130 134
130 135
130 138
130 139
130 144
130 244
131 1
131 21
131 123
131 134
131 139
131 140
131 143
131 144
131 244
132 1
132 21
132 123
132 124
132 134
132 140
132 141
132 142
132 143
132 244
133 1
133 21
133 124
133 133
133 244
134 1
134 21
134 125
134 133
134 244
135 1
135 21
135 125
135 133
135 244
136 1
136 21
136 125
136 126
136 132
136 245
137 1
137 21
137 126
137 132
137 245
138 1
138 21
138 126
138 127
138 131
138 132
138 245
139 1
139 21
139 127
139 128
139 130
139 131
139 245
140 1
140 21
140 129
140 245
141 1
141 21
141 245
142 1
142 21
142 245
143 1
143 21
143 245
144 1
144 21
144 246
145 1
145 21
145 246
146 1
146 21
146 246
147 1
147 21
147 246
148 1
148 21
148 246
149 1
149 21
149 246
150 1
150 21
150 246
151 1
151 21
151 246
152 1
152 21
152 246
153 1
153 21
153 246
154 1
154 21
154 246
155 1
155 21
155 246
156 1
156 21
156 246
157 1
157 21
157 246
158 1
158 21
158 246
159 1
159 21
159 246
160 1
160 21
160 246
161 1
161 21
161 246
162 1
162 21
162 246
163 1
163 21
163 246
164 1
164 21
164 247
165 1
165 21
165 247
166 1
166 21
166 247
167 1
167 21
167 247
168 1
168 21
168 247
169 1
169 21
169 246
170 1
170 21
170 246
171 1
171 21
171 247
172 1
172 21
172 247
173 1
173 21
173 247
174 1
174 21
174 247
175 1
175 21
175 247
176 1
176 21
176 246
177 1
177 21
177 246
178 1
178 21
178 246
179 1
179 21
179 246
180 1
180 21
180 246
181 1
181 21
181 246
182 1
182 21
182 246
183 1
183 21
183 246
184 1
184 21
184 246
185 1
185 21
185 246
186 1
186 21
186 246
187 1
187 21
187 246
188 1
188 21
188 246
189 1
189 21
189 246
190 1
190 21
190 246
191 1
191 21
191 246
192 1
192 21
192 246
193 1
193 21
193 246
194 1
194 21
194 246
195 1
195 21
195 246
196 1
196 21
196 245
197 1
197 21
197 245
198 1
198 21
198 245
199 1
199 21
199 129
199 245
200 1
200 21
200 127
200 128
200 130
200 131
200 245
201 1
201 21
201 126
201 127
201 131
201 132
201 245
202 1
202 21
202 126
202 132
202 245
203 1
203 21
203 125
203 126
203 132
203 133
203 245
204 1
204 21
204 125
204 133
204 244
205 1
205 21
205 125
205 133
205 244
206 1
206 21
206 124
206 133
206 244
207 1
207 21
207 123
207 124
207 134
207 141
207 142
207 143
207 244
208 1
208 21
208 123
208 134
208 139
208 140
208 143
208 144
208 244
209 1
209 21
209 122
209 123
209 134
209 135
209 138
209 139
209 144
209 244
210 1
210 21
210 122
210 135
210 136
210 137
210 144
210 145
210 147
210 148
210 149
210 150
210 151
210 152
210 243
211 1
211 21
211 121
211 122
211 145
211 146
211 147
211 152
211 153
211 243
212 1
212 21
212 120
212 121
212 147
212 153
212 154
212 243
213 1
213 21
213 86
213 87
213 88
213 89
213 90
213 91
213 92
213 93
213 94
213 119
213 120
213 154
213 243
214 1
214 21
214 82
214 83
214 84
214 85
214 95
214 96
214 97
214 98
214 118
214 119
214 154
214 155
214 243
215 1
215 21
215 79
215 80
215 81
215 99
215 100
215 101
215 117
215 118
215 155
215 156
215 157
215 243
216 1
216 21
216 76
216 77
216 78
216 102
216 103
216 115
216 116
216 117
216 157
216 158
216 159
216 160
216 242
217 1
217 21
217 62
217 63
217 64
217 65
217 66
217 67
217 68
217 69
217 70
217 71
217 75
217 76
217 103
217 104
217 105
217 114
217 115
217 161
217 162
217 163
217 164
217 165
217 166
217 167
217 168
217 169
217 170
217 242
218 1
218 21
218 59
218 60
218 61
218 72
218 73
218 74
218 105
218 106
218 107
218 108
218 109
218 110
218 111
218 112
218 113
218 170
218 171
218 172
218 242
219 1
219 21
219 56
219 57
219 58
219 172
219 242
220 1
220 21
220 55
220 56
220 172
220 173
220 241
221 1
221 21
221 54
221 55
221 173
221 241
222 1
222 21
222 52
222 53
222 173
222 174
222 241
223 1
223 21
223 51
223 52
223 174
223 241
224 1
224 21
224 50
224 51
224 174
224 240
224 241
225 1
225 21
225 49
225 50
225 174
225 240
226 1
226 21
226 48
226 49
226 174
226 238
226 239
226 240
227 1
227 21
227 47
227 48
227 175
227 237
227 238
228 1
228 21
228 47
228 175
228 237
229 1
229 21
229 46
229 47
229 175
229 236
230 1
230 21
230 45
230 46
230 175
230 236
231 1
231 21
231 44
231 45
231 175
231 236
232 1
232 21
232 44
232 176
232 236
233 1
233 21
233 43
233 44
233 176
233 236
234 1
234 21
234 42
234 43
234 176
234 236
235 1
235 21
235 42
235 176
235 235
236 1
236 22
236 41
236 42
236 176
236 235
237 1
237 22
237 41
237 176
237 235
238 1
238 22
238 40
238 41
238 177
238 235
239 1
239 22
239 40
239 177
239 235
240 1
240 22
240 39
240 40
240 177
240 234
241 1
241 22
241 39
241 177
241 234
242 1
242 22
242 38
242 39
242 177
242 234
243 1
243 22
243 38
243 177
243 234
244 1
244 22
244 38
244 178
244 233
245 1
245 22
245 37
245 178
245 233
246 1
246 22
246 37
246 178
246 233
247 1
247 22
247 36
247 37
247 179
247 232
248 1
248 22
248 36
248 179
248 231
248 232
249 1
249 22
249 36
249 179
249 180
249 231
250 1
250 22
250 35
250 180
250 231
251 1
251 23
251 35
251 180
251 230
251 231
252 1
252 23
252 35
252 180
252 181
252 230
253 1
253 23
253 34
253 181
253 229
253 230
254 1
254 23
254 34
254 181
254 229
255 1
255 23
255 34
255 182
255 228
255 229
256 1
256 23
256 33
256 182
256 228
257 1
257 23
257 33
257 182
257 183
257 227
257 228
258 1
258 23
258 33
258 183
258 226
258 227
259 1
259 24
259 32
259 183
259 184
259 226
260 1
260 24
260 31
260 32
260 184
260 185
260 225
260 226
261 1
261 24
261 30
261 31
261 185
261 224
261 225
262 1
262 24
262 29
262 30
262 185
262 186
262 223
262 224
263 1
263 24
263 29
263 186
263 222
263 223
264 1
264 24
264 28
264 29
264 186
264 187
264 221
264 222
265 1
265 24
265 25
265 27
265 28
265 187
265 188
265 220
265 221
266 1
266 25
266 26
266 27
266 188
266 189
266 219
266 220
267 1
267 189
267 190
267 218
267 219
268 1
268 190
268 191
268 217
268 218
269 1
269 191
269 192
269 215
269 216
269 217
270 1
270 192
270 193
270 214
270 215
271 1
271 193
271 194
271 212
271 213
271 214
272 1
272 194
272 195
272 196
272 210
272 211
272 212
273 1
273 196
273 197
273 198
273 199
273 207
273 208
273 209
273 210
274 1
274 200
274 201
274 202
274 203
274 204
274 205
274 206
275 1
276 1
277 1
278 1
279 1
280 1
281 1
282 1
283 1
284 1
285 1
286 1
287 1
288 1
289 1
290 1
291 1
292 1
293 1
294 1
295 1
296 1
297 1
298 1
299 1
300 2
301 2
302 2
303 2
304 2
305 2
306 2
307 1
308 1
309 1
310 1
311 1
312 1
313 1
314 1
315 1
316 1
317 1
318 1
319 2
320 2
321 2
322 1
323 1
324 1
325 1
326 1
327 1
328 1
329 2
330 2
331 1
332 1
333 1
334 1
